0.000000e+00 -5.135074e-21 0.000000e+00 -2.853266e-17 0.000000e+00 -1.065977e-13 0.000000e+00 -5.031710e-12 0.000000e+00 -2.766106e-11 
1.000000e-02 2.316558e-10 1.000000e-02 4.078204e-08 1.000000e-02 2.341920e-06 1.000000e-02 1.208543e-05 1.000000e-02 1.905230e-05 
2.000000e-02 4.042013e-10 2.000000e-02 7.117082e-08 2.000000e-02 4.284815e-06 2.000000e-02 2.344217e-05 2.000000e-02 3.747037e-05 
3.000000e-02 5.260044e-10 3.000000e-02 9.263001e-08 3.000000e-02 5.852775e-06 3.000000e-02 3.407879e-05 3.000000e-02 5.525878e-05 
4.000000e-02 6.086876e-10 4.000000e-02 1.071811e-07 4.000000e-02 7.080898e-06 4.000000e-02 4.400619e-05 4.000000e-02 7.242302e-05 
5.000000e-02 6.646618e-10 5.000000e-02 1.169900e-07 5.000000e-02 8.015964e-06 5.000000e-02 5.323606e-05 5.000000e-02 8.896895e-05 
6.000000e-02 7.041962e-10 6.000000e-02 1.238625e-07 6.000000e-02 8.714564e-06 6.000000e-02 6.178043e-05 6.000000e-02 1.049025e-04 
7.000000e-02 7.342029e-10 7.000000e-02 1.290237e-07 7.000000e-02 9.236143e-06 7.000000e-02 6.965164e-05 7.000000e-02 1.202296e-04 
8.000000e-02 7.587834e-10 8.000000e-02 1.332050e-07 8.000000e-02 9.633938e-06 8.000000e-02 7.686260e-05 8.000000e-02 1.349560e-04 
9.000000e-02 7.802496e-10 9.000000e-02 1.368198e-07 9.000000e-02 9.949229e-06 9.000000e-02 8.342727e-05 9.000000e-02 1.490870e-04 
1.000000e-01 7.999027e-10 1.000000e-01 1.401013e-07 1.000000e-01 1.021081e-05 1.000000e-01 8.936155e-05 1.000000e-01 1.626279e-04 
1.100000e-01 8.184935e-10 1.100000e-01 1.431840e-07 1.100000e-01 1.043757e-05 1.100000e-01 9.468440e-05 1.100000e-01 1.755834e-04 
1.200000e-01 8.364711e-10 1.200000e-01 1.461481e-07 1.200000e-01 1.064156e-05 1.200000e-01 9.941944e-05 1.200000e-01 1.879579e-04 
1.300000e-01 8.541150e-10 1.300000e-01 1.490435e-07 1.300000e-01 1.083047e-05 1.300000e-01 1.035966e-04 1.300000e-01 1.997555e-04 
1.400000e-01 8.716059e-10 1.400000e-01 1.519024e-07 1.400000e-01 1.100927e-05 1.400000e-01 1.072535e-04 1.400000e-01 2.109796e-04 
1.500000e-01 8.890651e-10 1.500000e-01 1.547462e-07 1.500000e-01 1.118123e-05 1.500000e-01 1.104357e-04 1.500000e-01 2.216333e-04 
1.600000e-01 9.065771e-10 1.600000e-01 1.575897e-07 1.600000e-01 1.134856e-05 1.600000e-01 1.131959e-04 1.600000e-01 2.317195e-04 
1.700000e-01 9.242028e-10 1.700000e-01 1.604437e-07 1.700000e-01 1.151278e-05 1.700000e-01 1.155908e-04 1.700000e-01 2.412404e-04 
1.800000e-01 9.419872e-10 1.800000e-01 1.633159e-07 1.800000e-01 1.167499e-05 1.800000e-01 1.176774e-04 1.800000e-01 2.501985e-04 
1.900000e-01 9.599650e-10 1.900000e-01 1.662121e-07 1.900000e-01 1.183594e-05 1.900000e-01 1.195095e-04 1.900000e-01 2.585964e-04 
2.000000e-01 9.781635e-10 2.000000e-01 1.691369e-07 2.000000e-01 1.199623e-05 2.000000e-01 1.211352e-04 2.000000e-01 2.664373e-04 
2.100000e-01 9.966048e-10 2.100000e-01 1.720941e-07 2.100000e-01 1.215628e-05 2.100000e-01 1.225951e-04 2.100000e-01 2.737259e-04 
2.200000e-01 1.015307e-09 2.200000e-01 1.750866e-07 2.200000e-01 1.231643e-05 2.200000e-01 1.239228e-04 2.200000e-01 2.804689e-04 
2.300000e-01 1.034287e-09 2.300000e-01 1.781168e-07 2.300000e-01 1.247693e-05 2.300000e-01 1.251452e-04 2.300000e-01 2.866764e-04 
2.400000e-01 1.053558e-09 2.400000e-01 1.811870e-07 2.400000e-01 1.263799e-05 2.400000e-01 1.262835e-04 2.400000e-01 2.923627e-04 
2.500000e-01 1.073132e-09 2.500000e-01 1.842989e-07 2.500000e-01 1.279977e-05 2.500000e-01 1.273544e-04 2.500000e-01 2.975473e-04 
2.600000e-01 1.093020e-09 2.600000e-01 1.874543e-07 2.600000e-01 1.296240e-05 2.600000e-01 1.283711e-04 2.600000e-01 3.022553e-04 
2.700000e-01 1.113234e-09 2.700000e-01 1.906547e-07 2.700000e-01 1.312600e-05 2.700000e-01 1.293437e-04 2.700000e-01 3.065174e-04 
2.800000e-01 1.133782e-09 2.800000e-01 1.939013e-07 2.800000e-01 1.329066e-05 2.800000e-01 1.302804e-04 2.800000e-01 3.103692e-04 
2.900000e-01 1.154674e-09 2.900000e-01 1.971956e-07 2.900000e-01 1.345644e-05 2.900000e-01 1.311876e-04 2.900000e-01 3.138496e-04 
3.000000e-01 1.175919e-09 3.000000e-01 2.005388e-07 3.000000e-01 1.362343e-05 3.000000e-01 1.320703e-04 3.000000e-01 3.169988e-04 
3.100000e-01 1.197525e-09 3.100000e-01 2.039319e-07 3.100000e-01 1.379167e-05 3.100000e-01 1.329327e-04 3.100000e-01 3.198569e-04 
3.200000e-01 1.219502e-09 3.200000e-01 2.073761e-07 3.200000e-01 1.396122e-05 3.200000e-01 1.337780e-04 3.200000e-01 3.224620e-04 
3.300000e-01 1.241857e-09 3.300000e-01 2.108725e-07 3.300000e-01 1.413212e-05 3.300000e-01 1.346090e-04 3.300000e-01 3.248490e-04 
3.400000e-01 1.264599e-09 3.400000e-01 2.144221e-07 3.400000e-01 1.430441e-05 3.400000e-01 1.354279e-04 3.400000e-01 3.270493e-04 
3.500000e-01 1.287735e-09 3.500000e-01 2.180259e-07 3.500000e-01 1.447812e-05 3.500000e-01 1.362365e-04 3.500000e-01 3.290903e-04 
3.600000e-01 1.311275e-09 3.600000e-01 2.216850e-07 3.600000e-01 1.465328e-05 3.600000e-01 1.370363e-04 3.600000e-01 3.309956e-04 
3.700000e-01 1.335226e-09 3.700000e-01 2.254005e-07 3.700000e-01 1.482993e-05 3.700000e-01 1.378286e-04 3.700000e-01 3.327854e-04 
3.800000e-01 1.359596e-09 3.800000e-01 2.291731e-07 3.800000e-01 1.500808e-05 3.800000e-01 1.386145e-04 3.800000e-01 3.344767e-04 
3.900000e-01 1.384393e-09 3.900000e-01 2.330041e-07 3.900000e-01 1.518777e-05 3.900000e-01 1.393948e-04 3.900000e-01 3.360839e-04 
4.000000e-01 1.409627e-09 4.000000e-01 2.368943e-07 4.000000e-01 1.536901e-05 4.000000e-01 1.401705e-04 4.000000e-01 3.376190e-04 
4.100000e-01 1.435305e-09 4.100000e-01 2.408448e-07 4.100000e-01 1.555183e-05 4.100000e-01 1.409420e-04 4.100000e-01 3.390921e-04 
4.200000e-01 1.461436e-09 4.200000e-01 2.448566e-07 4.200000e-01 1.573624e-05 4.200000e-01 1.417101e-04 4.200000e-01 3.405117e-04 
4.300000e-01 1.488028e-09 4.300000e-01 2.489306e-07 4.300000e-01 1.592226e-05 4.300000e-01 1.424751e-04 4.300000e-01 3.418850e-04 
4.400000e-01 1.515089e-09 4.400000e-01 2.530679e-07 4.400000e-01 1.610991e-05 4.400000e-01 1.432376e-04 4.400000e-01 3.432180e-04 
4.500000e-01 1.542630e-09 4.500000e-01 2.572694e-07 4.500000e-01 1.629921e-05 4.500000e-01 1.439978e-04 4.500000e-01 3.445157e-04 
4.600000e-01 1.570658e-09 4.600000e-01 2.615363e-07 4.600000e-01 1.649017e-05 4.600000e-01 1.447562e-04 4.600000e-01 3.457826e-04 
4.700000e-01 1.599182e-09 4.700000e-01 2.658694e-07 4.700000e-01 1.668280e-05 4.700000e-01 1.455130e-04 4.700000e-01 3.470224e-04 
4.800000e-01 1.628212e-09 4.800000e-01 2.702700e-07 4.800000e-01 1.687713e-05 4.800000e-01 1.462684e-04 4.800000e-01 3.482382e-04 
4.900000e-01 1.657757e-09 4.900000e-01 2.747389e-07 4.900000e-01 1.707316e-05 4.900000e-01 1.470228e-04 4.900000e-01 3.494327e-04 
5.000000e-01 1.687826e-09 5.000000e-01 2.792773e-07 5.000000e-01 1.727091e-05 5.000000e-01 1.477762e-04 5.000000e-01 3.506083e-04 
5.100000e-01 1.718429e-09 5.100000e-01 2.838862e-07 5.100000e-01 1.747040e-05 5.100000e-01 1.485289e-04 5.100000e-01 3.517671e-04 
5.200000e-01 1.749576e-09 5.200000e-01 2.885668e-07 5.200000e-01 1.767162e-05 5.200000e-01 1.492810e-04 5.200000e-01 3.529108e-04 
5.300000e-01 1.781275e-09 5.300000e-01 2.933200e-07 5.300000e-01 1.787460e-05 5.300000e-01 1.500326e-04 5.300000e-01 3.540409e-04 
5.400000e-01 1.813538e-09 5.400000e-01 2.981471e-07 5.400000e-01 1.807935e-05 5.400000e-01 1.507840e-04 5.400000e-01 3.551588e-04 
5.500000e-01 1.846374e-09 5.500000e-01 3.030490e-07 5.500000e-01 1.828588e-05 5.500000e-01 1.515352e-04 5.500000e-01 3.562658e-04 
5.600000e-01 1.879794e-09 5.600000e-01 3.080270e-07 5.600000e-01 1.849420e-05 5.600000e-01 1.522863e-04 5.600000e-01 3.573628e-04 
5.700000e-01 1.913808e-09 5.700000e-01 3.130823e-07 5.700000e-01 1.870433e-05 5.700000e-01 1.530374e-04 5.700000e-01 3.584507e-04 
5.800000e-01 1.948426e-09 5.800000e-01 3.182158e-07 5.800000e-01 1.891626e-05 5.800000e-01 1.537885e-04 5.800000e-01 3.595305e-04 
5.900000e-01 1.983661e-09 5.900000e-01 3.234289e-07 5.900000e-01 1.913002e-05 5.900000e-01 1.545399e-04 5.900000e-01 3.606028e-04 
6.000000e-01 2.019523e-09 6.000000e-01 3.287228e-07 6.000000e-01 1.934561e-05 6.000000e-01 1.552915e-04 6.000000e-01 3.616683e-04 
6.100000e-01 2.056022e-09 6.100000e-01 3.340986e-07 6.100000e-01 1.956305e-05 6.100000e-01 1.560434e-04 6.100000e-01 3.627276e-04 
6.200000e-01 2.093171e-09 6.200000e-01 3.395575e-07 6.200000e-01 1.978235e-05 6.200000e-01 1.567956e-04 6.200000e-01 3.637812e-04 
6.300000e-01 2.130982e-09 6.300000e-01 3.451008e-07 6.300000e-01 2.000351e-05 6.300000e-01 1.575482e-04 6.300000e-01 3.648296e-04 
6.400000e-01 2.169465e-09 6.400000e-01 3.507298e-07 6.400000e-01 2.022655e-05 6.400000e-01 1.583013e-04 6.400000e-01 3.658732e-04 
6.500000e-01 2.208633e-09 6.500000e-01 3.564457e-07 6.500000e-01 2.045147e-05 6.500000e-01 1.590549e-04 6.500000e-01 3.669124e-04 
6.600000e-01 2.248499e-09 6.600000e-01 3.622499e-07 6.600000e-01 2.067829e-05 6.600000e-01 1.598091e-04 6.600000e-01 3.679475e-04 
6.700000e-01 2.289076e-09 6.700000e-01 3.681437e-07 6.700000e-01 2.090702e-05 6.700000e-01 1.605638e-04 6.700000e-01 3.689788e-04 
6.800000e-01 2.330375e-09 6.800000e-01 3.741283e-07 6.800000e-01 2.113767e-05 6.800000e-01 1.613192e-04 6.800000e-01 3.700068e-04 
6.900000e-01 2.372409e-09 6.900000e-01 3.802052e-07 6.900000e-01 2.137024e-05 6.900000e-01 1.620752e-04 6.900000e-01 3.710315e-04 
7.000000e-01 2.415193e-09 7.000000e-01 3.863757e-07 7.000000e-01 2.160475e-05 7.000000e-01 1.628319e-04 7.000000e-01 3.720533e-04 
7.100000e-01 2.458740e-09 7.100000e-01 3.926413e-07 7.100000e-01 2.184121e-05 7.100000e-01 1.635892e-04 7.100000e-01 3.730724e-04 
7.200000e-01 2.503064e-09 7.200000e-01 3.990034e-07 7.200000e-01 2.207963e-05 7.200000e-01 1.643474e-04 7.200000e-01 3.740889e-04 
7.300000e-01 2.548178e-09 7.300000e-01 4.054633e-07 7.300000e-01 2.232001e-05 7.300000e-01 1.651063e-04 7.300000e-01 3.751031e-04 
7.400000e-01 2.594097e-09 7.400000e-01 4.120227e-07 7.400000e-01 2.256238e-05 7.400000e-01 1.658659e-04 7.400000e-01 3.761151e-04 
7.500000e-01 2.640835e-09 7.500000e-01 4.186830e-07 7.500000e-01 2.280674e-05 7.500000e-01 1.666264e-04 7.500000e-01 3.771252e-04 
7.600000e-01 2.688409e-09 7.600000e-01 4.254457e-07 7.600000e-01 2.305309e-05 7.600000e-01 1.673878e-04 7.600000e-01 3.781333e-04 
7.700000e-01 2.736832e-09 7.700000e-01 4.323124e-07 7.700000e-01 2.330146e-05 7.700000e-01 1.681500e-04 7.700000e-01 3.791398e-04 
7.800000e-01 2.786121e-09 7.800000e-01 4.392847e-07 7.800000e-01 2.355186e-05 7.800000e-01 1.689130e-04 7.800000e-01 3.801446e-04 
7.900000e-01 2.836291e-09 7.900000e-01 4.463642e-07 7.900000e-01 2.380428e-05 7.900000e-01 1.696770e-04 7.900000e-01 3.811480e-04 
8.000000e-01 2.887359e-09 8.000000e-01 4.535524e-07 8.000000e-01 2.405876e-05 8.000000e-01 1.704419e-04 8.000000e-01 3.821500e-04 
8.100000e-01 2.939341e-09 8.100000e-01 4.608512e-07 8.100000e-01 2.431529e-05 8.100000e-01 1.712077e-04 8.100000e-01 3.831508e-04 
8.200000e-01 2.992254e-09 8.200000e-01 4.682622e-07 8.200000e-01 2.457390e-05 8.200000e-01 1.719745e-04 8.200000e-01 3.841503e-04 
8.300000e-01 3.046115e-09 8.300000e-01 4.757870e-07 8.300000e-01 2.483458e-05 8.300000e-01 1.727424e-04 8.300000e-01 3.851488e-04 
8.400000e-01 3.100943e-09 8.400000e-01 4.834276e-07 8.400000e-01 2.509737e-05 8.400000e-01 1.735112e-04 8.400000e-01 3.861464e-04 
8.500000e-01 3.156755e-09 8.500000e-01 4.911856e-07 8.500000e-01 2.536226e-05 8.500000e-01 1.742811e-04 8.500000e-01 3.871430e-04 
8.600000e-01 3.213569e-09 8.600000e-01 4.990629e-07 8.600000e-01 2.562927e-05 8.600000e-01 1.750520e-04 8.600000e-01 3.881388e-04 
8.700000e-01 3.271404e-09 8.700000e-01 5.070615e-07 8.700000e-01 2.589842e-05 8.700000e-01 1.758240e-04 8.700000e-01 3.891339e-04 
8.800000e-01 3.330280e-09 8.800000e-01 5.151831e-07 8.800000e-01 2.616973e-05 8.800000e-01 1.765972e-04 8.800000e-01 3.901284e-04 
8.900000e-01 3.390216e-09 8.900000e-01 5.234297e-07 8.900000e-01 2.644319e-05 8.900000e-01 1.773715e-04 8.900000e-01 3.911222e-04 
9.000000e-01 3.451233e-09 9.000000e-01 5.318034e-07 9.000000e-01 2.671883e-05 9.000000e-01 1.781470e-04 9.000000e-01 3.921156e-04 
9.100000e-01 3.513350e-09 9.100000e-01 5.403060e-07 9.100000e-01 2.699667e-05 9.100000e-01 1.789237e-04 9.100000e-01 3.931085e-04 
9.200000e-01 3.576589e-09 9.200000e-01 5.489398e-07 9.200000e-01 2.727672e-05 9.200000e-01 1.797016e-04 9.200000e-01 3.941011e-04 
9.300000e-01 3.640971e-09 9.300000e-01 5.577067e-07 9.300000e-01 2.755900e-05 9.300000e-01 1.804809e-04 9.300000e-01 3.950933e-04 
9.400000e-01 3.706518e-09 9.400000e-01 5.666089e-07 9.400000e-01 2.784351e-05 9.400000e-01 1.812614e-04 9.400000e-01 3.960854e-04 
9.500000e-01 3.773252e-09 9.500000e-01 5.756486e-07 9.500000e-01 2.813029e-05 9.500000e-01 1.820433e-04 9.500000e-01 3.970773e-04 
9.600000e-01 3.841197e-09 9.600000e-01 5.848281e-07 9.600000e-01 2.841935e-05 9.600000e-01 1.828265e-04 9.600000e-01 3.980691e-04 
9.700000e-01 3.910375e-09 9.700000e-01 5.941495e-07 9.700000e-01 2.871069e-05 9.700000e-01 1.836113e-04 9.700000e-01 3.990610e-04 
9.800000e-01 3.980811e-09 9.800000e-01 6.036152e-07 9.800000e-01 2.900436e-05 9.800000e-01 1.843974e-04 9.800000e-01 4.000529e-04 
9.900000e-01 4.052529e-09 9.900000e-01 6.132276e-07 9.900000e-01 2.930035e-05 9.900000e-01 1.851851e-04 9.900000e-01 4.010450e-04 
1.000000e+00 4.125555e-09 1.000000e+00 6.229891e-07 1.000000e+00 2.959869e-05 1.000000e+00 1.859744e-04 1.000000e+00 4.020373e-04 
